300 0 1 0 5.8230 -15.5000 0.0000
300 0 1 0 5.7090 -15.5000 0.0000
300 0 1 0 5.6100 -15.5000 0.0000
300 0 1 0 5.7070 -15.5000 0.0000
301 1 0 0 8.0910 -15.5000 0.1250
301 1 0 0 8.0910 -15.5000 0.1250
300 0 1 0 6.8800 -15.5000 0.0000
300 0 1 0 6.9650 -15.5000 0.0000
300 0 1 0 7.0000 -15.5000 0.0000
301 0 1 0 8.0080 -15.5000 0.0000
301 0 1 0 8.0160 -15.5000 0.0000
301 0 1 0 8.0110 -15.5000 0.0000
302 1 0 0 11.1270 -15.5000 0.1250
302 1 0 0 11.2530 -15.5000 0.1250
302 1 0 0 11.0160 -15.5000 0.1250
303 1 0 0 12.0620 -15.5000 0.1250
303 1 0 0 13.6300 -15.5000 0.1250
303 1 0 0 12.5870 -15.5000 0.1250
304 1 0 0 11.3460 -15.5000 0.1250
304 1 0 0 11.3310 -15.5000 0.1250
304 1 0 0 11.0420 -15.5000 0.1250
305 1 0 0 11.0370 -15.5000 0.1250
305 1 0 0 11.0060 -15.5000 0.1250
305 1 0 0 11.0360 -15.5000 0.1250
306 1 0 0 12.4680 -15.5000 0.1250
306 1 0 0 13.1550 -15.5000 0.1250
306 1 0 0 13.2040 -15.5000 0.1250
307 0 1 0 7.9200 -15.5000 0.0000
307 0 1 0 8.0060 -15.5000 0.0000
307 0 1 0 8.0200 -15.5000 0.0000
308 1 0 0 11.0320 -15.5000 0.1250
308 1 0 0 11.3900 -15.5000 0.1250
308 1 0 0 11.4340 -15.5000 0.1250
309 1 0 0 11.2320 -15.5000 0.1250
309 1 0 0 11.2530 -15.5000 0.1250
309 1 0 0 11.0370 -15.5000 0.1250
310 1 0 0 11.0340 -15.5000 0.1250
310 1 0 0 11.0210 -15.5000 0.1250
310 1 0 0 11.0440 -15.5000 0.1250
311 0 1 0 6.5480 -15.5000 0.0000
311 0 1 0 6.3550 -15.5000 0.0000
311 0 1 0 6.6410 -15.5000 0.0000
312 1 0 0 13.0000 -15.5000 0.1250
312 1 0 0 13.2030 -15.5000 0.1250
312 1 0 0 14.6960 -15.5000 0.1250
313 0 1 0 11.3210 -15.5000 0.0000
313 0 1 0 12.8050 -15.5000 0.0000
313 0 1 0 11.2310 -15.5000 0.0000
314 0 1 0 8.9440 -15.5000 0.0000
314 0 1 0 9.0480 -15.5000 0.0000
314 0 1 0 9.1530 -15.5000 0.0000
315 0 1 0 7.2910 -15.5000 0.0000
315 0 1 0 7.2690 -15.5000 0.0000
315 0 1 0 7.1870 -15.5000 0.0000
316 0 1 0 7.2590 -15.5000 0.0000
316 0 1 0 7.0530 -15.5000 0.0000
316 0 1 0 7.1650 -15.5000 0.0000
317 1 0 0 12.1720 -15.5000 0.1250
317 1 0 0 12.0820 -15.5000 0.1250
317 1 0 0 12.1790 -15.5000 0.1250
318 0 1 0 10.8030 -15.5000 0.0000
318 0 1 0 11.2010 -15.5000 0.0000
318 0 1 0 5.8400 -15.5000 0.0000
319 1 0 0 11.0150 -15.5000 0.1250
319 1 0 0 11.8570 -15.5000 0.1250
319 1 0 0 11.0920 -15.5000 0.1250
320 0 1 0 8.0320 -15.5000 0.0000
320 0 1 0 1.6720 -15.5000 0.0000
320 0 1 0 1.5850 -15.5000 0.0000
321 1 0 0 11.9050 -15.5000 0.1250
321 1 0 0 11.3650 -15.5000 0.1250
321 1 0 0 11.7920 -15.5000 0.1250
322 1 0 0 11.4740 -15.5000 0.1250
322 1 0 0 11.4900 -15.5000 0.1250
322 1 0 0 11.3080 -15.5000 0.1250
323 1 0 0 16.0910 -15.5000 0.1250
323 1 0 0 16.2010 -15.5000 0.1250
323 0 1 0 8.6690 -15.5000 0.0000
324 1 0 0 13.6820 -15.5000 0.1250
324 1 0 0 13.9580 -15.5000 0.1250
324 1 0 0 14.6230 -15.5000 0.1250
325 1 0 0 33.2640 -15.5000 0.1250
325 0 1 0 11.2090 -15.5000 0.0000
325 0 1 0 11.4040 -15.5000 0.0000
326 0 1 0 5.7560 -15.5000 0.0000
326 0 1 0 5.6240 -15.5000 0.0000
326 0 1 0 5.5130 -15.5000 0.0000
327 1 0 0 13.9480 -15.5000 0.1250
327 0 1 0 1.5850 -15.5000 0.0000
327 0 1 0 13.9700 -15.5000 0.0000
328 1 0 0 11.1840 -15.5000 0.1250
328 1 0 0 11.2190 -15.5000 0.1250
328 1 0 0 11.1670 -15.5000 0.1250
329 1 0 0 11.7720 -15.5000 0.1250
329 1 0 0 12.2280 -15.5000 0.1250
329 1 0 0 11.7650 -15.5000 0.1250
330 0 1 0 4.1980 -15.5000 0.0000
330 1 0 0 12.5000 -15.5000 0.1250
330 0 1 0 4.3890 -15.5000 0.0000
331 0 1 0 8.9150 -15.5000 0.0000
331 1 0 0 13.1530 -15.5000 0.1250
331 0 1 0 8.8920 -15.5000 0.0000
332 0 1 0 3.6630 -15.5000 0.0000
332 0 1 0 3.6490 -15.5000 0.0000
332 0 1 0 3.7510 -15.5000 0.0000
333 0 1 0 5.9540 -15.5000 0.0000
333 0 1 0 5.7570 -15.5000 0.0000
333 0 1 0 5.4450 -15.5000 0.0000
334 0 1 0 3.1330 -15.5000 0.0000
334 0 1 0 3.2400 -15.5000 0.0000
334 0 1 0 3.1510 -15.5000 0.0000
335 1 0 0 11.1810 -15.5000 0.1250
335 1 0 0 11.2760 -15.5000 0.1250
335 1 0 0 11.0750 -15.5000 0.1250
336 1 0 0 12.0310 -15.5000 0.1250
336 1 0 0 11.7010 -15.5000 0.1250
336 1 0 0 11.6810 -15.5000 0.1250
337 1 0 0 11.4750 -15.5000 0.1250
337 1 0 0 11.2620 -15.5000 0.1250
337 1 0 0 11.3400 -15.5000 0.1250
338 0 1 0 5.5420 -15.5000 0.0000
338 0 1 0 5.4250 -15.5000 0.0000
338 0 1 0 5.4240 -15.5000 0.0000
339 1 0 0 11.5750 -15.5000 0.1250
339 1 0 0 11.3760 -15.5000 0.1250
339 1 0 0 11.2070 -15.5000 0.1250
340 1 0 0 13.8320 -15.5000 0.1250
340 0 1 0 5.2020 -15.5000 0.0000
340 1 0 0 13.7560 -15.5000 0.1250
341 0 1 0 2.5120 -15.5000 0.0000
341 0 1 0 2.7080 -15.5000 0.0000
341 0 1 0 2.3970 -15.5000 0.0000
342 0 1 0 2.9340 -15.5000 0.0000
342 0 1 0 2.9220 -15.5000 0.0000
342 0 1 0 2.9370 -15.5000 0.0000
343 0 1 0 2.9520 -15.5000 0.0000
343 0 1 0 12.8180 -15.5000 0.0000
343 0 1 0 3.1330 -15.5000 0.0000
344 1 0 0 18.8080 -15.5000 0.1250
344 0 1 0 1.1640 -15.5000 0.0000
344 0 1 0 1.2570 -15.5000 0.0000
345 1 0 0 11.2950 -15.5000 0.1250
345 1 0 0 11.1600 -15.5000 0.1250
345 1 0 0 11.0880 -15.5000 0.1250
346 0 1 0 1.3670 -15.5000 0.0000
346 0 1 0 1.2630 -15.5000 0.0000
346 0 1 0 1.0590 -15.5000 0.0000
347 0 1 0 2.6180 -15.5000 0.0000
347 0 1 0 5.1140 -15.5000 0.0000
347 1 0 0 12.0380 -15.5000 0.1250
348 1 0 0 12.7310 -15.5000 0.1250
348 0 1 0 4.4970 -15.5000 0.0000
348 0 1 0 4.4950 -15.5000 0.0000
349 0 1 0 3.0250 -15.5000 0.0000
349 0 1 0 3.0410 -15.5000 0.0000
349 0 1 0 3.1640 -15.5000 0.0000
350 0 1 0 3.9790 -15.5000 0.0000
350 0 1 0 5.0410 -15.5000 0.0000
350 0 1 0 3.9680 -15.5000 0.0000
351 0 1 0 6.4990 -15.5000 0.0000
351 1 0 0 14.8510 -15.5000 0.1250
351 0 1 0 11.6790 -15.5000 0.0000
352 0 1 0 2.9150 -15.5000 0.0000
352 0 1 0 2.5080 -15.5000 0.0000
352 0 1 0 12.3230 -15.5000 0.0000
353 0 1 0 8.2570 -15.5000 0.0000
353 0 1 0 8.2510 -15.5000 0.0000
353 0 1 0 8.2520 -15.5000 0.0000
354 0 1 0 11.0540 -15.5000 0.0000
354 0 1 0 10.6400 -15.5000 0.0000
354 0 1 0 11.0660 -15.5000 0.0000
355 0 1 0 7.3120 -15.5000 0.0000
355 0 1 0 7.3170 -15.5000 0.0000
355 0 1 0 7.4010 -15.5000 0.0000
356 0 1 0 0.5330 -15.5000 0.0000
356 0 1 0 0.4300 -15.5000 0.0000
356 0 1 0 0.5400 -15.5000 0.0000
357 0 1 0 3.1270 -15.5000 0.0000
357 0 1 0 3.0490 -15.5000 0.0000
357 0 1 0 3.4760 -15.5000 0.0000
358 0 1 0 5.3280 -15.5000 0.0000
358 0 1 0 5.4100 -15.5000 0.0000
358 0 1 0 5.4120 -15.5000 0.0000
359 0 1 0 5.0270 -15.5000 0.0000
359 0 1 0 5.1090 -15.5000 0.0000
359 0 1 0 5.0030 -15.5000 0.0000
